8740864
8749062
8749063
1482768
9601047
4825113
8757274
1392668
9986080
7004196
720938
4431920
4431922
1876023
3022905
9822270
4857921
1458243
7331908
557125
9617486
409686
352343
8986716
393311
237668
9568369
10043514
10043515
7053444
9388169
2097301
8921249
417965
4907182
2400433
1966265
2973883
458940
311491
9650380
1622241
10600687
352504
1376507
1360139
8790292
1900826
1548571
1548576
8716577
5062952
2007340
4858159
10191159
9650489
508221
8921409
418131
4014423
8880480
352615
352617
2515314
2507136
1122691
1450371
2466181
287111
2474375
1687949
9650577
4579737
1376669
10363295
319907
795054
10363311
9650624
7307715
9650627
9576911
9650640
9994710
9740766
10183146
10338795
2343410
9617911
803326
2368011
9658905
9650733
1884722
2351667
2040372
9052723
8774207
9839176
664137
2392674
7316066
10166886
369258
3039859
9945715
3039861
4407930
8921735
9650827
9716364
9929356
1901213
1655463
9536169
3048107
410285
2605742
385719
2392760
9732791
737982
443078
402128
951005
1737440
2302689
10183405
8790767
385782
2335490
1753861
9659148
7332622
8782622
2466592
1458982
9610025
9642794
9659185
1901364
1737533
8921918
2474815
3031872
410437
7308113
1942354
7308115
6947668
9741140
3031905
9659241
2458477
443256
4825979
10453888
5129113
8741790
8922022
9651115
1967023
1483719
2425799
9651143
7332819
2442196
8750042
2442206
9659359
1467372
7914477
2401264
2524145
4645873
8922099
377846
2491397
467983
1639439
1442846
3064862
500777
10363946
1467440
9487414
369720
2425913
9659457
7316548
4949064
255062
1811542
10380380
7332957
9602154
8742006
3032188
1614973
664704
1631390
8742078
6988995
10192077
1557710
1811663
1967312
1664214
9053399
9594076
2434282
9520363
8774901
9717017
9602340
1664306
1738036
2426164
4695348
2745655
10339640
1639744
1811782
1656142
4957524
410978
2721130
9520518
1893767
1926536
9725318
9520522
10331533
460179
804245
1820059
2418088
1476036
6677959
9618893
10339790
1459663
345553
730578
4392403
8472025
1820122
2967036
9741820
10323461
9717256
2663961
8816154
3065372
9651743
9823783
2967084
304690
427578
9520701
2311755
2475596
1541709
9520717
181842
9651810
329316
312940
2975343
7161457
2057842
10331775
9717381
8750729
394890
8750731
394892
10299022
4384406
9733801
9660089
730839
2516703
747233
9578214
9594606
9651960
2410239
10528520
10225420
7317266
1484570
10348315
8709916
10348316
10381088
7309089
7325477
9520935
10618680
2377534
8734540
8759118
7309140
2803542
9987929
7849819
34660
747366
3196774
747372
2156401
8439671
10340221
2967423
1419146
9676686
403350
9938840
9553822
10192803
1394597
395174
731050
9553843
8767418
296892
7317437
8767432
8521673
1656783
2181071
9848802
1951718
9553895
8783852
2426864
2648055
1411071
9521152
436234
378904
387100
8341550
780338
8947762
297014
354366
436290
2525251
2361412
9734213
2361418
10373198
8792148
1632341
2345054
8767584
1427563
419950
7325818
4458625
788614
9554054
460948
9726121
755883
1157334
7055577
10340570
9521371
10340571
387293
387312
9611507
1435894
9595128
4450553
1870076
9742588
4385024
1665281
8792324
272646
166159
10258704
9570578
9619736
8923417
4335899
9562403
4458794
10381614
9988404
9611591
510281
1526089
9652577
9038181
9652584
1870185
8882545
2189696
2222466
4385155
1493383
6998407
7309704
8751508
4876695
6998424
9603483
9521577
2320814
9603504
1640888
9554363
747964
1468864
10185155
9554373
8923590
4401627
2427357
9955808
338401
338405
8923635
8792569
2296316
7055871
9529856
8792583
9660935
2542100
7334436
330277
6973993
363055
9521721
174654
9570883
8890953
1493581
2976338
3033686
9988694
9988696
9046617
10201699
9046629
330357
8743564
8743565
797333
9726616
9611941
9603750
240303
6711985
10594994
10275507
2050750
2165451
10308304
8923858
731899
9521919
215816
7678740
7334686
9579309
740147
2140987
9612104
2042702
10365774
7490386
445269
387926
420694
8809330
7859063
10177402
748411
1362812
1952638
9612163
1821572
224147
8752020
10365867
2419637
9522104
8162240
322500
8162245
715719
2288584
2247638
232415
330722
3214306
2411492
4656100
330732
1362926
9620463
1625070
8522742
2722813
2411522
2010125
4705296
9653269
10202136
2477087
10603554
2501672
9530411
814138
1420347
9653319
3009612
10177613
9595984
8727636
4238423
9047131
371809
748641
8440930
445545
560249
429180
1363068
9743490
224387
8752259
1404040
7318674
9653394
2411670
8768666
10333342
8924319
8916129
240809
445622
1518785
339139
9407692
10415317
9661655
8809690
339179
1387758
2960623
8916212
8768768
240908
1461530
2411802
8727839
8727840
8727841
8727842
10169631
9596225
8924482
10227012
429383
740679
470355
372071
10243431
421227
9735539
8523131
9661819
1535357
9530750
1666434
7318915
4697482
2403749
9661865
7048619
306604
9522603
339378
1838514
8900028
437716
9047518
3034592
8924643
347621
110056
7302642
4378099
8785395
749045
10587635
9612791
9661943
10587639
404997
749068
9621004
10350095
8728082
4681239
2387482
429596
8744479
9629216
8777277
1453634
2551366
9834060
10169938
7310952
8703595
10178157
1371759
8728178
2387601
10227347
1871516
9522844
462504
1863337
4632239
405177
495290
1838792
9613000
2567882
1740502
9522911
7311077
413414
8769253
9653989
9531127
9989898
1617678
8744720
9326355
2371352
9662248
9408308
2797368
9531198
3002178
1961814
9523035
9834334
151397
8662887
175982
356209
397169
2502528
454529
2355074
8777603
462741
9654165
9047966
454571
1167295
274374
9662422
1437673
9523190
8728579
528401
339995
8663067
9621532
8441887
1814560
4378658
2093097
10211369
1626155
176176
9982005
725046
1527871
1552449
372808
389192
381007
10227792
2134101
9662554
340075
77940
7327865
1519757
9736341
8941718
9801880
9990303
10170546
389317
1601733
2502854
9654479
9621715
8769750
1446112
241889
9621728
364773
9654507
2347244
4804856
9621752
2568443
1642750
8720659
9711901
9589039
446770
9556275
2175285
8810810
9408836
9523529
8802647
8802648
8802649
414042
78182
9531760
1585529
9531769
8614269
9564544
332165
1806735
10383778
10613162
10613163
1634732
10613164
8720819
8745398
8769978
9523653
8442310
405959
8778189
9605589
9581016
7311834
2388445
1405407
2503136
1429991
2511336
324084
8081910
414202
2650623
1159687
2396683
9925146
430620
2355741
9712164
2732583
8925737
10211890
1749561
9597498
10383930
8729163
9925195
356950
1987158
1839705
10383968
8925799
4395628
414319
9548400
8737396
4838008
406144
414338
8712834
1512069
9523845
8925838
2347664
479910
4787
2593460
1856184
10384065
2429639
2470601
9622223
9532125
9712354
1389286
8344309
8950523
340733
307966
9523978
10384143
340763
8704795
3035941
8893240
10253120
1905478
10302284
3011429
2175847
9663337
9663340
9556845
9786220
9663346
9524087
9622395
8926076
512893
1430402
9614215
2511753
2397066
8950684
390045
9982878
1676191
8762273
8745893
9712552
9614250
9630640
4821958
7320519
2266082
439268
10204136
4813801
4379628
2348021
9950202
4903945
7336971
1856540
250909
365598
9671721
1430572
8926253
504897
578631
373838
9524303
373840
8926291
8811609
9417818
1234011
8926315
2413678
9720953
480379
8926337
676997
4379797
2569367
537758
300191
9606306
496827
9491643
251069
9344192
8910031
603361
10278122
775407
1512689
513272
1742083
10245389
1463585
1488162
9835811
2577705
8852781
455990
2823479
1594681
4412730
10622276
7329094
2266442
10245452
8770903
767323
10196324
10327400
9713004
4371825
1897843
9049465
9524606
7402882
9835909
2471306
8918410
1537430
8443292
8918428
1873340
718272
2397639
587220
7304669
8779229
8779230
8926685
9049566
9926113
8926693
9049574
2307561
9844209
2471413
357881
316922
10319354
8754686
398857
3036693
8910368
8861234
529973
8525374
8926791
4830812
1521262
9606787
1496710
8918679
8926872
9524890
415396
10434219
10598060
1398446
423609
505539
1537738
734929
9557725
775915
8525555
8910579
8443637
9606916
8787723
3208972
538389
8926999
792344
6756133
2348838
767795
431924
2578236
2258751
382787
9606979
6649679
7067471
9049937
4536147
10368854
10368856
1865571
10295146
8927083
9803642
325505
325507
7329667
9549702
4519831
8902560
358307
7346086
1218473
9664429
7313336
10368964
9607110
374733
1996755
8755155
2578391
2201572
858087
8755179
464876
1456109
7018496
2299909
415762
7321623
1873946
1415199
440376
2283582
9599044
2021447
2250827
9459796
9525335
10164311
333921
4692079
2070643
2455669
374907
9934972
333949
10205319
9607311
424080
2594982
8911018
8853679
1816757
8788159
8771776
9664704
8919242
2185431
334045
112871
1874156
407794
2136315
2308347
8935676
2513155
9607433
9820429
661785
301345
538917
8468777
2308396
10590517
2718012
8763718
620871
9525579
620877
8665422
9664849
10189142
1415512
2423139
1202535
1374568
7313774
8755567
3037552
2980216
8927621
10385799
9468297
8452499
4331940
2357669
7715242
7715243
4766129
358834
9787841
555460
10369485
1489383
1898986
1415661
1538541
9599479
1808891
408065
9656835
9525766
465420
1817103
2423324
408097
2390561
9959972
10615337
9525830
4815431
1972822
563802
1981033
539245
23150
1899128
8927868
1448574
227972
1686149
8747655
334473
1628821
2292377
9591453
9599652
342717
744133
2136775
3037896
367317
375509
727767
1456871
375538
9607926
482047
1841919
9526020
2505486
9657104
9616154
1522462
9599778
9632548
10312487
8928041
8526638
2095925
9526077
293696
2423619
1489733
744281
8117082
9526108
1899360
7314274
1366904
613256
801680
8764306
10206101
9526170
9427867
3038116
8723365
7306159
8911803
1694676
1915870
9927648
1981412
8731622
9526250
8117228
9608181
3218426
9657344
8772626
613404
457762
1457196
8961073
9985074
2251835
72765
72766
8666174
9428030
392260
793678
9985109
1916004
310374
588903
6618229
2129014
9526391
793721
490620
9657469
2268298
9526421
1408172
9526445
4553902
1653935
1457328
105663
1039552
7314626
9600200
8338637
8944846
9526481
9788630
10599655
449777
10599667
7109887
9600255
5004557
7200016
2006293
10214678
752932
8715556
654638
1424690
8789329
8789330
163158
7331162
3177821
2317667
1531254
1457532
9739659
2645398
2416028
171427
9526692
2358709
441800
2629066
8994253
8527321
1514994
9510398
9698814
9518593
212486
8715794
2473492
572950
8683038
8724003
589360
8781362
10174002
9879097
466493
6995517
4619840
4775489
1457730
1367619
8117827
343625
9608784
9526867
1867358
802403
9608807
2596461
9674372
7331464
9928332
1867408
9617040
8748713
753322
9559724
401072
8519350
9658041
10329792
4808403
9600728
1892062
360159
1253092
245484
10378994
474869
9658106
4562685
8773380
8773381
360200
7307017
7331595
2662164
8527636
2260758
10288918
1916709
360244
8666932
9592628
9658164
524097
7331662
7307087
1515375
1908599
10280823
2596729
2039675
4865932
2424717
8118167
1605536
1687457
2973601
2457514
737196
2473910
9584566
1392570
655291
794556
10018750
2473920
2498497
221126
360398
9568210
8937429
425948
9576414
9658334
10354657
9527270
425959
9592813
1466363
