404997
9522696
8696841
10209802
655371
2411022
8773135
31760
3046929
299543
2370074
10167834
317978
4643870
9575460
64549
9735716
249380
309800
512554
596011
157227
1010220
197168
331322
6624314
542268
297534
8502335
10220608
197185
426563
10415174
2912841
3023948
4757581
9738325
8713814
8902743
10333785
2666075
10215517
3045981
9455199
586336
1814624
1008221
182880
9326693
9912934
431719
10251880
2183272
9571438
9858159
9905268
449653
158839
291451
3162239
2310273
689284
2338949
603783
326796
415372
4839569
10208401
73877
1980054
10529437
816296
1412264
9514155
9641644
8689841
8895154
8655542
6993093
9053387
19663
779990
6996192
27362
7324900
9632997
8689900
3033332
9717493
9840378
7317242
449788
10207997
4481798
6624521
2596619
340237
677647
9858322
419091
493843
8625429
6982421
349981
8515870
6209824
8737578
10605868
8717612
8916780
9683760
9569077
73526
9920826
6798653
10243902
3045182
1860413
9735490
1554758
8797523
2294101
8802646
410457
10201439
538979
443747
9858407
7332711
8754542
434032
75122
6959475
561524
10208633
1484154
2284923
9040766
352128
260480
325506
8460679
9647496
9716616
2963852
490894
2266003
4414359
2994072
9797017
1480603
378781
4575649
9905572
2663332
9047978
10202027
418219
9512370
3208114
9643449
2291130
736699
8911804
415167
4386752
6986691
9609668
3017158
9048008
3043274
4730315
9044428
249304
9739224
9792474
8939481
8485340
8692701
7144928
3021797
347621
561640
7036394
9860593
4314100
9790453
324084
28663
2448884
9302521
747517
3039742
