100898
103240
103393
1486562
1500608
1509629
1538920
1552974
1887361
1929333
1930281
1934553
1951678
1956417
1968836
1970688
1992123
1994100
8193426
101939
111984
197912
432325
719750
1060994
1149654
1372419
1430544
1462170
1527994
1537926
1538595
1538647
1540376
1548578
1551544
1552675
1745694
1809860
1811031
1814179
1815153
1822335
1836936
1840251
1840647
1843687
1861761
1867843
1869535
1885432
1886285
1915982
1918088
1919106
1919361
1919976
1958517
1962843
1970651
1977564
1979224
2004781
2015865
2023804
2024577
2024834
2349489
2468203
2614802
4132255
6577612
7068305
7903884
117992
738552
1148641
1960836
2212332
2216882
1538679
1538690
1538767
1538880
1887706
1970481
1970491
1970505
1970746
1970774
1534850
1538795
1538826
1548269
1970742
1970857
2009303
2015555
8516870
1821177
382157
402517
410944
1538572
1538740
1887144
1956725
1970311
1970546
1987091
2009133
411769
1525340
1538046
1538137
1821166
1864917
1902025
1929473
1987458
1992130
1992532
2010018
505532
1202047
1334666
1531148
1537490
1538376
1538677
1548877
1552683
1726201
1847284
1871097
1890294
1894011
1902183
1906430
1909912
1948447
1973007
1990086
2003461
2242321
2604035
7030608
8089665
9015937
610824
2147631
398967
415578
420012
1538853
1934989
1935330
7900992
1821071
1975684
489921
1541775
1553428
1809330
1831859
1899958
1909033
1928411
1945830
1946500
1969195
2004702
2027479
8927004
1535105
1537991
1970474
1991872
94133
110092
231476
290404
465421
478776
496603
510695
534255
1541963
1544192
1830261
1871372
1923500
1965289
1974942
1975173
1983380
2008872
2027779
2079559
6985861
8923507
471584
1484032
98854
1537853
1538670
1538892
1887416
1902118
1970442
1970642
1970706
1987495
1992392
110592
1537909
1538095
1538694
1864298
1970517
1987481
1991532
276889
277267
298917
302831
1473011
96175
102180
104795
104831
108645
110293
110304
110460
311376
376992
388369
391437
1534838
1534997
1535183
1535282
1537943
1538025
1538682
1538714
1538731
1548347
1548434
1548485
1864042
1864113
1992194
1992380
8804927
8922260
8923469
96033
102580
103464
104611
104768
104769
104943
104957
105217
105363
105659
106040
106659
106662
107185
110062
110301
110322
110381
814281
1535284
1538583
1872343
1957229
1975900
318551
371387
377010
378274
379044
1848361
2009968
321367
377836
1220551
1247963
1283386
1397812
1424537
1246472
103369
109073
382229
1463131
1534880
1538641
1970462
1970664
1970751
1970815
98385
99087
102265
1887669
1970402
1970812
103749
108350
1548516
1864488
1968687
1534986
197245
438885
441986
469804
576305
1552797
1875762
1976820
3940828
4020766
8927369
9016746
1820525
1548508
1538635
1538917
1640006
1975245
101988
1475268
1477117
1538715
1735682
1976063
8785541
105847
409199
93798
99202
103848
103877
259843
1475238
1970452
1975313
1976208
2024632
328999
1537983
1538865
1535024
1538639
1538835
1975518
1975765
1991301
1991947
475775
1525461
1533130
1543794
1802489
1802642
1854881
1855400
1902081
1906390
1908451
1935451
1937738
1969702
1969730
1997290
2004180
2007237
276289
1887123
112020
444354
463262
1525577
1531201
1531295
1535252
1538195
1552168
1553207
1553334
1845824
1899345
1934674
1965276
1965400
1968882
1969649
2004284
2010349
2020853
1864515
1864940
1538686
1864174
1864944
2009485
102100
1537922
1538053
1538843
1970723
1986980
2009604
9028391
112522
440478
509591
523274
540023
541076
1521124
1533696
1551568
1818254
1818385
1837452
1841455
1845806
1857963
1873634
1873706
1875992
1881583
1882002
1884324
1917531
1931817
1943724
1965113
2000777
2004109
2006310
2011486
2021903
8938812
8965151
8970204
9018642
9040825
261898
267470
321669
1463071
1550767
1970528
2027413
2346544
2373991
6938287
6966753
7020971
8735493
8756756
8787550
8802060
110771
1537899
1992111
1548356
1957072
8804025
1535029
1538123
1901942
1991382
2249235
8964316
1525019
1753506
1802107
1802842
1806110
1956638
109429
1538831
2027989
8911096
109897
1538841
1548438
494190
1871588
1944277
1972455
2002874
8960520
1545775
2015717
1820381
1821066
1827520
1890687
1956508
2024510
8516885
1268917
1928578
2296109
3319827
6683338
1139725
2016134
1534877
1535278
1538726
406834
416945
1548450
1820658
2028170
1975886
1609681
1735743
1956379
2155200
1537980
472172
493656
531287
535325
1531204
1533754
1538292
1541580
1543477
1547941
1552837
1553445
1819765
1819916
1905025
1909764
1945776
1984910
2005397
2007273
8966900
108751
111287
111403
538561
19837
112709
421736
1532573
1550525
1839780
1841458
1859675
1868242
1876334
1886843
1889215
1890428
1892314
1897208
1918100
1924916
1930453
1956005
1959064
1969746
1988396
1992269
1998261
2021499
2198214
7350346
8440888
8522721
8522724
8523293
9118396
20155
108723
118467
182567
1874560
2195683
1538918
1827993
1890051
1993490
109009
410407
1553455
1826934
1847818
1894708
1930304
1958064
1961627
106170
101669
284043
295083
302043
307691
308299
314092
321040
332942
340900
349538
349556
366542
368282
378877
390232
400938
411800
414130
414145
414468
429779
433447
452063
1186130
1352043
1370953
1469255
1488404
1596562
1611841
1798791
1935445
1958484
1964389
1969237
1969255
2098183
2149470
2583350
3630833
5670271
5848728
5928996
5933554
6002407
6702789
7471578
8810746
8919905
8925090
8926722
107642
1142469
1408780
1538710
1540294
1544186
1544492
1819979
1822611
1845660
1845702
1898296
1902198
1909737
1918956
1947850
1955237
1971235
1984480
1997454
2003535
2004557
2021170
2026307
1535243
1936587
2009666
1887146
1970761
1805143
2126103
8765122
110077
1864015
1548331
1552119
1552953
1848200
1858424
1864157
1872366
1901874
1934598
1935266
2009039
2027352
95092
103483
378899
1381907
1472405
1500857
1508260
1531283
1537932
1545937
1879090
1908553
1987124
1989743
1997218
1997269
2024500
2024718
6973055
6990644
110787
97866
1887287
6690254
1538648
6690693
428546
8516981
8925138
88890
102789
107144
262017
307329
331817
1481388
1672230
2513954
8772373
86255
1548297
1936310
2009462
8516370
1512242
7891426
8899988
107299
1999345
1970483
473751
487163
499468
1541649
1543635
1832105
1898898
1944337
1951671
8955096
102224
102738
1519223
1970314
2124857
8923715
340763
1122793
1126958
1136763
1187753
1391777
1411942
1553261
1807453
1807893
1811085
1828359
1902028
1957526
2618096
1535169
336186
508199
530282
608104
654192
1522807
1525063
1529826
1529945
1533324
1537128
1537668
1539364
1540851
1549355
1805844
1817203
1824208
1830267
1836018
1855439
1866155
1869042
1871369
1873005
1884407
1888698
1895957
1899943
2000672
2001575
2007901
2013398
6803155
8935764
609186
8999212
1535192
1970672
104868
2024919
1727
74419
118179
697682
767886
771180
781427
786241
1024951
1523328
1534256
1540342
1543295
1546973
1547447
1552049
1552778
1813949
1814154
1826203
1841041
1841425
1845141
1863671
1876080
1878528
1885450
1885916
1917339
1930675
1953523
1962370
1963910
1967187
1967922
1998242
2000031
2022809
2196698
8522072
8523239
8523941
8524031
8526540
145757
164299
779410
