475775
1523787
1548331
1548877
1802489
1802842
1909033
1925317
2023573
2023804
1819540
1827520
1836113
1525019
1901874
1901942
1902081
1902118
1934598
1934699
1991872
1992130
1992194
2024604
2024632
3982853
6702484
411769
1992269
1992380
1992392
420012
1821177
2009485
2009666
2026062
1535024
1535105
1535121
1535243
1920205
1936425
1936626
1944773
2010018
1535282
1912380
7900992
1864042
1871801
1871828
1871846
1929333
1970452
1970474
1970505
1970517
2027850
8999212
1552974
1815153
1815262
1815269
1864174
1864265
1864488
1872340
1929935
1970688
1970723
1970774
1987091
2003461
8524183
382157
1537128
1831859
1865101
1914089
1987458
1987495
8516870
8516981
1537853
1537980
1537983
1537991
1545698
1849145
2004702
2020853
6690693
1538046
1538061
1538339
1538572
1906746
1931295
1538635
1538679
1538682
1538686
1538690
1538714
1538715
1538767
1538831
1538843
1538865
1538880
1538920
1809330
1858424
1531148
1547353
409199
565086
1547941
1548210
1548236
1548269
1957762
1957782
8527657
