1841205
1894469
6654035
8226849
8228895
10610761
1741128
4987189
4989243
4993281
4995263
5013771
6095178
7645481
7713030
7713031
8245424
9382158
10146137
10342696
1477013
1540576
1690078
1860036
2308579
2369968
4237672
5024239
5337528
6322569
7635458
1477224
1540666
1669651
1749602
1909278
5024324
5802655
6289956
6300174
6306430
7629352
7641669
7649806
7774813
10146408
10610427
10611237
1198927
1637131
1682158
1682168
5046951
6290120
7627554
7629488
7701299
7701300
7701301
7701302
7752366
7955151
7961392
1368933
1567718
1567734
1582039
1852273
1938293
4994041
5008354
5022574
5039082
6290331
6290349
6290420
7646102
7656436
7674868
7803869
8035242
10146738
10345366
10611581
1438803
1653886
1727607
2679945
4922504
5012529
5012574
6290488
6290557
7615604
7844916
1801425
1944844
2221238
2233552
5016737
5051615
5059841
6290654
6292777
7650495
7699758
7779498
1099179
1154372
1265071
1881512
1945050
4332961
4988214
4988230
5141813
5338560
5932372
7699759
1556061
1809909
1941010
2055749
5008972
5025327
6293032
6311463
6315597
7626344
7654902
10610182
10612381
1101534
1115814
1136388
1212124
1748756
1822462
4998825
5015202
5015317
5338832
5529298
6119149
7771877
7820992
10612424
10612441
1689507
2330498
6297560
6313911
6315996
6322035
6326166
7616342
10340252
1873909
7784443
