105846
100915
105845
2620779
2147
99467
102370
103206
109323
93904
99731
102198
4591917
2146
103286
103402
110410
97004
102002
103247
118392
98518
99807
101684
102259
103496
103542
104347
112589
2803251
102174
103364
103545
111819
100887
103324
103328
103446
103548
103553
101625
110144
112391
4729774
118267
118420
103325
2620698
103346
103395
97396
106995
118228
127912
1447641
4879558
110352
110122
110212
111672
2771249
110440
117849
102219
103476
103543
110420
112076
97975
100409
103721
112115
118042
2621076
100397
101559
101642
103426
103794
110274
103772
121162
103658
110168
110226
110462
112227
117956
94610
103447
111597
145643
111442
118076
100771
103786
112271
118310
2621048
103260
111215
145660
117989
2764185
110461
96357
112144
1087812
111254
101762
99541
103197
110484
111375
103720
112121
103438
101492
110308
110435
111517
1722
106721
110260
117905
4729777
103172
2540705
101648
117966
103615
103633
117921
118317
145739
97378
102233
2518018
103299
117892
110223
103732
110518
102091
110245
110360
118395
110468
103624
103549
106729
96885
1116658
2528498
106761
110478
111308
117935
103307
110380
111256
106628
112890
109505
103609
4630088
111104
111252
117927
1087607
112786
104171
106658
118111
809122
106548
110075
110077
101894
102167
111094
106447
