1953794
2287622
1167367
8730631
2433036
5664780
4575247
1712145
5339156
2078741
7213076
8232983
1753113
8003610
2922523
278557
2277406
2455583
2670621
4112415
2127906
8226849
8228895
1931303
6017066
4501547
4114478
1769519
886834
8058931
1599540
1841205
4661301
6201397
5445690
5339195
5849148
6346814
1314880
1896516
1894469
6109252
2211913
10610761
6021196
1902670
6332495
6469714
6654035
5986391
2881625
1773658
2031707
8089690
9289829
3575910
8296553
5965930
2287724
1890415
2367599
5052528
3940466
3094643
1783924
6203504
2410614
3094647
2390136
6000758
6459505
8089720
2197628
4114557
5138557
6353024
2308226
2418823
5875848
530570
5959819
1671309
888975
8867983
7745684
5378197
6338710
217242
8343706
1562781
5775517
1241249
1829025
1859746
5378209
2842789
6705318
8054952
1110188
6318255
8245424
1847474
8231986
9728188
8861885
4995263
7815359
8052932
1439942
2412745
1773770
5804233
6037707
2605261
6062286
1597647
6774992
1110225
5339347
1652948
1937620
2922709
1751256
5816539
5849307
2388193
7403745
2681066
8075499
1671404
1097965
5845229
6426863
1972464
1837299
5054711
1921275
2324732
4112640
4993281
5722368
6131968
5630214
7713030
7713031
1376521
5013771
9382158
6082833
5046549
1116441
887066
6007065
5890333
4579614
5941535
4751648
8085791
1089826
2187560
7039272
1130794
7645481
10342696
5054766
1239343
1771824
4907311
2464050
4931891
5241134
2441525
4987189
1732919
5253425
7078201
4989243
1759552
1767744
1962305
2380098
1440068
8061251
1747270
9926980
1741128
7371080
6095178
9492811
1145165
1698126
1515856
4936019
5970259
6426963
6811988
2208087
1704280
10146137
6027613
7991648
2318689
2400610
1296739
4303202
1763685
1106277
1505639
4237672
5941603
8333666
1618284
481645
1837421
5222766
1651064
7324034
1864068
5943686
6322569
5868196
8089993
684428
5884300
8223116
1405327
2550160
7819664
3570066
8061328
1477013
4112790
6140309
1386905
1560985
772507
2869662
2869663
3918239
2206113
7035301
7035302
7035303
7319973
2277801
1773994
4114857
8053163
8919465
6160814
9509287
487856
2369968
5337528
1792444
2195900
6183358
9722307
1860036
1894853
6183364
1659338
6109644
1749454
5845456
5978576
1808850
360915
4135379
4997586
5056980
2922967
1102296
1165784
6156759
1706459
1616348
6339029
1690078
3226078
1540576
6339041
7770792
2308579
1823204
8215004
8727014
1757676
7786989
5024239
1729010
2367988
6523381
1855991
2163192
1899001
5603835
1960447
5218815
7635458
4114948
3213829
1931783
7035399
7035401
197130
1784330
2490890
5231114
5773837
885263
2376208
2400785
1856018
1669651
6076941
6300174
6330902
7649806
1759772
1909278
2456095
3918367
10610427
5878306
5909027
6289956
5360165
5771814
9837091
7629352
1651241
5956137
10611237
2484780
1626669
2236980
8116790
1247801
1540666
9642555
1772098
2445892
2144837
5024324
7641669
3570248
7995977
4674129
3902036
1587798
7774813
6066784
1749602
512612
887397
1477224
10146408
7985770
7035503
4450928
2441841
1870450
1989235
3916404
4989557
5370484
2851447
2851448
6075434
7035513
6075436
6306430
1653376
3123840
3123842
1632902
1305224
8053386
885388
1712781
2372238
2376336
6021778
7404178
1780372
7903891
6339223
3154589
5853854
5802655
1381024
7959199
3635876
5356197
2151078
885415
2542248
3183270
1428138
5046951
1108652
1665709
2855597
2855598
2855599
7629488
7643819
6009523
1739444
7752366
10611677
2175673
2126522
2392765
1297088
6341315
1862344
1876681
1886920
4160202
6290120
5688013
6015693
6525643
7955151
1254097
8006353
8342221
7035615
8872671
37602
1731299
2448100
1350373
2587366
4991717
5444324
5817060
5393130
5614315
1784556
1682158
4264687
6300399
8221427
1147640
1682168
1698552
6523642
8227579
1852159
7566085
5972742
6734600
9839369
1637131
1372940
1217295
1614607
1614608
1932050
1149715
3570451
2603798
5833494
7539480
107292
7627554
1110820
7619376
7961392
7701299
7701300
7701301
7701302
2468663
1645371
1823549
2456381
2491198
2380611
10072904
1817417
1741642
5882697
4309836
5688142
1198927
5143377
10580819
3615573
6011734
6798169
2900830
2915167
7793502
2034530
8053604
1342309
1368933
1133417
5770090
1506156
5022574
5686127
1827696
1852273
2884465
2884466
76660
1938293
7345007
5376887
6024055
6335352
10611581
2308991
1930113
4805512
1508236
8567894
1153940
7646102
10345366
7779226
6290331
2255772
5804957
1727390
1495967
6945693
2440097
9507743
8672169
1754026
8035242
1637292
6290349
2370478
7846190
10146738
1428404
1981365
2831288
1100729
1887161
5831611
1770428
2618302
5067711
6009795
1692612
2952133
2952134
5934021
4438984
6009797
5929930
3898315
1489869
1575887
4987855
3079124
2593749
4287446
1582039
2827224
2130905
5833684
6380506
9440217
3079133
5878750
1770463
4355040
5876704
5008354
7803869
2921444
3914725
1567718
5952486
7850976
6736873
2049002
3554282
5039082
1194990
1500143
2259951
5882863
8055790
6290420
5057525
1567734
7656436
7674868
4994041
2964476
5280765
5886976
1764356
1631241
2325515
6079501
1147918
1713169
6050837
2094102
1426455
5137432
7994394
4119579
5995547
1442850
5856291
1676324
10232868
6134823
1788968
5360681
23594
5358635
1143852
2274349
5858346
5882921
6015278
5012529
1649714
1983539
3574835
5139509
5504051
6015279
6290488
7828531
7844916
578619
1619004
10271802
4998206
885823
1147967
1201217
1741887
4531266
5229635
5139525
1799245
1852497
5358674
1438803
1586260
1164373
3146835
6087766
6310996
1780825
5360729
2165851
1285212
5868635
5012574
5878873
1610848
5893216
3927138
1825891
1512548
7599202
4289638
7644257
5973096
5362793
7418984
5971059
7615604
4998261
1145974
1727607
5930106
1639548
1809533
1653886
2266239
2616448
6290557
5024899
2419846
4295814
4922504
2679945
1885322
865419
6597772
7808141
7822470
7822471
8060046
7625875
1868953
5893275
1348764
2462876
6313118
8058016
5016737
5340322
1359011
5858470
1733802
7779498
8076461
7681198
5600431
4277424
1793203
1109172
5053620
2077878
1463479
1764535
2221238
1885370
2872507
2800828
2872508
6259897
7650495
1144000
10130620
10605762
1088708
7449798
1547463
5981386
8707274
7646412
2698447
2233552
1352913
1651922
1801425
1524948
5872847
6427859
6493396
5946587
1770716
7419100
6290654
5051615
1832160
6180064
7824607
10157284
1158376
1832168
2153706
1481963
5223660
1619181
5225711
8060145
10265841
4115700
6812916
6069496
2385147
5059841
9468782
6630660
29958
8711252
5872904
6608138
1944844
1395986
2141459
1881364
3192082
5936405
5962406
5684504
2108697
1838362
7200023
9004308
1705245
4091173
5582117
2405671
4230439
6292777
6100266
7478569
5870893
7699758
7699759
8219950
1101107
5141813
1373494
4988214
6509881
8910138
886075
8822080
5641538
6028610
1154372
4988230
1246543
6776144
5993810
1103187
5932372
1637717
5854550
7822675
1652059
1654108
2049371
5272930
1789283
1518949
6669673
7531884
1826161
1590642
2858353
1101173
1369464
5352828
1353085
1547646
2925949
7689598
8676738
5930372
5840261
8527237
1738120
3575177
1566090
5893514
2393484
5916040
1699214
2225550
4887950
865695
4332961
1688998
1881512
1195433
1959338
1099179
2457002
5838251
1367470
1265071
2467247
7828908
1797554
1617331
1349047
3595704
2618811
1228223
5338560
2549185
7220671
3620292
1863110
2756038
3599814
4281801
7148999
1750475
1781195
1404367
4113871
9291216
1754579
7509460
1945050
7007708
6100446
2438623
1193442
3638754
5885410
4623847
5015015
2057705
6092267
5434860
1750509
6333937
1824243
1809909
7654902
7308795
1787390
4935167
6301184
5965317
10610182
2864647
2864648
2985481
73226
73227
8082954
5842448
5932560
1941010
5137940
6333972
1369626
1807898
5735966
5049887
5359135
8097312
6508068
6311463
6293032
2919977
5025326
5010991
1760816
1918512
1957425
4513328
4994612
5025327
5957172
1740343
6970931
1576505
2905659
5393980
5025345
2860611
2225732
2055749
5760581
5858885
1271368
5885507
1467978
2877004
2877005
3901004
1646159
1881680
5008972
6315597
5197397
1742422
5901914
1556061
2752093
1740384
861794
1664612
6336104
7626344
5256810
5959278
3116659
8867444
2457211
2426492
5957243
2145919
1947264
7827074
1283717
1635974
8861318
1824392
8074286
6065802
2438796
3915404
7423633
8214165
5240470
1513111
6065814
6000283
1613468
7474845
1930910
10612381
5015202
1443491
1115814
2928294
2231976
4998825
1226411
5013164
4294317
1189550
3626673
2834098
1832639
7593663
1257153
2883266
7573187
7820992
5369541
6338245
2719432
10612424
1296075
8748747
5863117
5691086
5338832
5529298
5955283
5768916
2084565
1521367
1781464
5971671
6340312
2598619
1212124
7112413
1101534
8550108
10612441
2205410
5990115
7771877
5820135
886505
1441514
1226475
7818985
6119149
6334192
1695474
6332148
4996854
886521
7845627
8443644
8079101
1806078
1822462
5330686
5682944
6334206
7599873
1136388
1584900
7622409
3909388
1351439
1656592
5859089
1378067
1748756
2608916
5015317
5138196
10366742
5023515
8443677
5803806
5842718
8220453
3573542
149287
4114216
3575593
1101612
5615405
5850929
1425204
4575030
3141432
6764344
1736506
1808186
2461500
5277499
1707838
4519742
4685631
6178620
5025602
8877890
7792459
3643215
1806160
1736532
5889877
6686550
7616342
1251161
1896283
5338971
5844830
6338398
1615712
1599330
1781608
1689449
2312042
6307693
5803886
894831
6674285
8081261
1126259
3630963
6006645
6322035
10618742
3139448
2391929
202619
4593531
5939068
2652032
1671041
2330498
1412996
4910981
2410376
1173385
1730441
3129225
6334351
2617233
2410386
9951124
2916245
6326166
4114329
1873818
5339035
4997020
4112285
5339037
5859226
7679900
10340252
1689507
1922982
2410406
1882024
2164648
5058475
5580716
2836397
5990320
1628082
5816244
6313911
1515448
1822649
1126330
5339066
8812475
2328510
1443775
4227007
4880321
6526911
5359555
1847236
6004678
6338503
2332619
2199501
6809551
4429780
6297560
2123739
1431516
1742812
1925086
1595359
4112350
6178780
6315996
7516124
2328552
2385898
8222699
5257201
8771570
2877428
1486837
1873909
2342903
5861369
7784443
