3574273
8859138
10375173
4115462
5632518
6847499
7715851
5798926
4994063
5011472
1146898
6493715
2914324
4806676
2387478
5253141
7036437
8003097
8210458
1123362
4513316
1839142
7710251
5495346
8114739
9419833
5323834
6408191
5614140
5715519
4383813
1064008
4262987
5596751
7231057
2686547
1099860
1438803
5037651
7795288
6147676
1907297
7684706
1197157
4625513
2390136
4996729
6071929
6691453
7231101
8219774
5400705
1782914
6254210
6001287
6252679
2294926
2749587
6166164
6195350
1685656
1705627
1962139
4978843
876193
2183335
8274599
3242667
4592813
3980986
1040059
2988735
5337281
7630530
7769795
5885636
8880324
5338823
4149448
3956425
7838921
4604622
2163407
5939408
7365329
1817810
4903123
6068434
7983312
10527445
10147543
7808728
3293402
5473510
4226283
3925746
1700598
8303350
10540794
865531
7820038
8110345
3375370
7679248
6053137
2941718
7739158
4417816
1823001
6881049
1241885
2345245
4624669
4902685
7387933
8368934
8228136
1724203
1756459
2194731
1851182
3132206
4094253
3625780
7270710
4945731
10451787
3138393
885084
6728543
7016803
5835108
8052580
1206630
4255595
4647277
6773616
4773236
1902454
7414136
7728509
3103614
2880894
6783871
5219202
2528136
1772937
1719177
1729419
5152649
5279625
7384464
6114196
1151894
4954007
7722390
9408409
7423386
5682590
1791903
7035298
2466724
8371110
3369897
6653356
10504108
7185838
4591540
4316091
3622844
5968828
5959103
7403457
10523585
3183046
3573200
2752979
1165784
4258776
7077880
9302488
1391068
3489248
1171937
3920352
5051880
2611177
10434537
6257645
7494126
8231919
8508911
4656629
9462262
6163960
5643771
2938367
