2490
487744
747591
781162
793150
1199775
1208595
1243130
1355956
1637522
2258800
2261872
2274540
2280950
2294333
2434749
5608107
7091005
7106428
7305450
7308410
7313032
7324900
7326229
7329062
7329667
7331241
8439183
8442970
8693710
8700517
8723323
8723572
8724671
8725949
8727204
8782527
8792111
8793122
8916310
8927933
2583
107691
111719
111722
151612
1755829
2283365
2638712
302
117845
613992
626786
788121
2178527
2255890
2261722
2282785
3179362
5809491
5810388
7060249
7082005
7085931
7102486
7110394
7310575
7316646
7328212
7332360
8438360
8721396
8724101
8727202
8782962
8789488
9022504
110916
145722
145730
145875
145904
664094
1194810
1801796
3203762
1126990
1156483
1211097
1218182
1300996
1389648
1400355
1429600
2196413
2267506
2609017
3169860
4336461
5593237
6239152
6240230
7100340
7311166
8781235
1301891
1242934
1348772
594
1735
213504
652880
659849
1194077
1221373
1437688
2792929
4503602
4525969
7085822
7108767
7311730
8437592
8723678
105425
182444
233131
364236
622977
2250495
2256813
2290504
2677800
5608083
5808790
8690595
151207
2298305
2625746
112817
145864
613006
693410
764072
796813
797760
1427853
1459853
2148959
7029292
7310506
7314166
8793587
181056
198797
216101
508254
697357
803990
2257651
2267213
2470639
2508334
2540201
2650741
2671500
7308021
8438027
8847506
9022502
108906
112747
145658
591450
808723
2525263
2569285
2702
866709
2068338
6578993
6579463
7328757
7335627
4646797
622545
663176
776588
781005
783479
807992
1405974
1458129
2262465
2453203
2578426
2683964
3066145
3149038
4413358
7064365
7092482
7322276
7327774
8717698
8769997
8841277
145726
218666
856064
436001
772138
781113
1450536
2282385
8440877
108983
145928
205533
578275
856346
1141339
2121283
2252425
2256991
2272438
2290877
2306232
4648695
5607605
7332819
8440443
8946656
1170435
2630547
76607
421226
447053
552261
682480
733352
1146378
1798342
2350980
2469946
2477650
2525689
2671305
4378094
5607883
5810789
5825758
6206796
6240535
7307191
7318430
7329453
7333159
231014
443014
474241
759714
798166
1445199
1460490
1873507
1896277
2304164
2427483
2453400
2463154
2982872
4332443
4894912
6239796
6241780
7077617
7335033
8255934
8697308
8720378
8725435
8926587
787520
1193637
1211824
4627976
107750
110736
111017
234593
253629
259479
270991
283099
337565
359724
389257
415372
415488
428585
433550
1433154
1901171
1973209
8847721
8924769
9036660
1756
2467
2725
2871
66399
109535
110641
112897
118214
145843
146790
152212
152880
183791
194834
225751
331607
344530
571297
741740
788926
793137
807518
866796
1206802
1229535
1434123
2650623
4383392
4406197
8442268
8801795
103438
112446
155170
1444135
2171826
2369735
2469350
2786091
3066151
7306892
7311115
7312872
7315015
7316550
7318868
8693641
8721534
8725234
106497
111742
175568
213165
537184
1036210
1159700
1266432
1405841
2291577
2306363
2469100
2576704
4376359
7311152
7325743
7332576
8438161
8716363
222220
602901
614360
659857
664708
810711
1037519
1200144
1450162
2517595
2723330
4541042
5607980
7324732
8441456
8716632
8984708
118329
1250721
1218458
2137403
2257567
2283927
2296407
2407948
2485925
2657313
2741745
3177609
4374902
7321947
145648
844289
230314
422088
767597
771404
787544
793695
1235012
1356497
1375524
1450300
1453700
1508252
2026654
2056044
2061986
2105722
2116617
2119075
2170185
2176538
2424345
2532737
2790492
2803443
3002982
4615768
6240057
7118459
7304923
7310368
7319202
7325280
8439736
8442916
8443522
8714636
8945559
9335734
782110
2055758
2107848
2199738
130141
199109
199896
200877
201098
202804
209272
626986
706088
2982969
4254182
4412477
7314354
7314644
2498
620156
765981
801920
803088
1990894
2086398
2147397
2241675
2261592
2347363
2399461
2458064
2471124
2472519
2476477
2477956
2680426
5933453
7310378
7312970
7313862
7316106
7316660
7318646
7323986
7326342
7331908
7333041
7333481
8440015
8442448
8442518
8442623
8713860
8715099
8717199
8720990
8722377
8725913
8728391
8730894
8731084
8731741
9012741
2071130
2641986
3216430
105249
301614
304762
313088
318163
344388
368404
368406
398904
402073
402336
402379
404970
411862
1485044
8205094
8921380
8997297
9014428
343284
107024
112777
219549
221641
1446183
2092328
2178228
2350076
2477682
2502843
2542088
2584094
2638337
5320130
5325435
7079981
7084861
7319570
7326809
8437707
112618
198855
220856
474911
660713
776478
801961
1035393
1126972
1131139
1140316
1208907
2106581
2139267
2294954
7314542
8951512
8991601
107492
110873
112212
2658913
203884
797970
1196509
2253130
2624588
4239547
4599148
4649769
7318153
8619551
8720613
145709
780573
1301306
111915
173487
599277
719803
1808996
2243869
2299759
8711162
8779561
112934
1249762
1434048
1471661
5682808
7305132
7332054
7336475
8281419
8731416
8879472
494674
515804
1271965
1687030
2368488
4349565
7041988
7325818
7327214
3172693
672148
2251312
3292738
8718571
8723153
551338
596555
757083
767920
769807
778801
797021
800136
809663
1310416
1800517
2256580
2295335
2496788
2520510
2654975
2816283
2981683
4383931
4422723
4607254
4609057
4908774
7026453
7307360
7307873
7309612
7310503
7328377
7331389
7333122
7334457
8443309
8716852
8719776
8786750
8950657
110737
111491
700674
1163478
147853
152224
802655
836216
1177322
1316671
1347480
1525836
2308055
2370848
2432957
2510615
2540358
2577836
2602197
2642981
2981169
6792710
7306737
7308376
7309066
7317050
7321285
7324086
7324812
7333824
8727197
1039296
1160407
2623151
2746788
3134107
3214034
1423031
4419982
225685
332087
335257
338658
340446
351851
353771
358036
389259
396313
404968
406606
426209
1817724
8892212
8916387
8924119
8977246
9017927
9034920
9038385
103976
106268
106660
106884
107210
107343
107554
107701
107978
108261
108427
108530
109093
109622
109767
109922
110234
110532
225883
275645
284486
287590
291899
299089
311614
315829
325006
347007
412638
429180
198798
663773
1168887
1603966
2275753
3287232
4439642
7310810
7311373
7327155
8472124
8982113
620819
4403809
181397
660277
807798
1039463
2139353
2278412
2283563
5810840
7308938
8699015
8716519
8716982
8717099
8730551
673517
578335
654272
2292129
7033447
7308112
7329927
8438896
8440856
9001553
145747
540085
868499
664111
118482
493965
1043329
7092494
2159546
2421945
2736107
2788119
4237321
7307880
145901
433060
436234
535689
596493
696643
699604
705133
706115
707520
708089
710041
714074
714837
718621
8998788
9003710
9009158
9101548
9131995
9133097
9158571
9158813
9273902
9472
117927
307716
397405
416723
629021
666921
685125
793032
802191
1033939
1543780
1562342
1601351
2165170
2376183
2426441
2473575
2641355
2793927
2961257
7037080
7312320
7314359
8715132
109462
1189218
1356300
4401098
85412
1036211
1405166
2283481
2622966
5596066
7026858
7064472
7314276
7316910
7318500
118055
369003
369008
395166
9025187
104681
430885
110091
284038
306448
344980
353909
1513048
1686317
9014196
108138
110693
110361
704
2649
104510
117954
145841
184871
613864
773393
786318
792258
795404
796739
803272
807293
437639
524097
665979
672125
718281
773593
1404453
2473119
2499751
7310951
8477224
107254
773312
794296
811260
2268011
2273513
2657873
8441949
9022499
807646
1275413
108478
673514
774954
815037
889154
1409931
1629880
1989058
2111153
2143856
2153747
2249006
2261070
2261203
2268134
2287490
2294215
2296379
2296435
2305488
2306994
2307228
2309231
2311974
2370927
2410349
2649075
2673158
2675584
2683844
2819321
3159382
4338435
4414634
4420264
4600107
5105068
5140732
5809756
5811365
6239378
6240043
6512705
6514802
6656126
7305894
7313106
7313855
7320442
7320858
7322111
7324304
7329588
7329636
7329672
7332110
7334466
7334642
7334800
7336831
8441026
8717152
8727201
8728665
8729404
8781090
8783358
8783919
111166
112490
112787
184204
795111
812432
1439484
2076134
2111467
2123627
2255641
2524431
2544284
2652962
2290558
4458845
302623
323143
429277
479794
8911952
487215
488525
671444
3305251
9022959
788804
76594
206466
223637
312391
392902
497054
518481
534877
629029
732379
750661
770328
1428073
1437013
1462778
1518095
1519300
1989612
2122978
2137818
2174864
2197589
2243821
2246700
2253276
2255528
2256968
2258330
2276671
2282346
2296700
2297551
2305623
2467081
2472957
2487092
2499024
2542542
2573234
2660122
2678184
3159278
3296084
5809901
5810777
6940099
7311161
8343750
8725454
8905039
8947101
8987920
399152
565284
2607092
2809908
100309
177179
421062
425254
514838
526528
567733
776475
783388
1189870
1236791
2106297
2117735
2816609
3176959
4381294
4426210
4449091
4456192
4510603
4581583
4613683
4647144
7035241
7336110
8438112
8729418
9008822
104272
109301
110889
1225987
2625696
301064
449651
517630
526464
8926786
84695
84935
95415
363009
409353
454891
525215
2009370
9043108
104578
1967381
2189965
2394794
104200
346927
732398
781952
2141291
2649076
2654532
7038911
7308778
7324729
8438370
8721398
8727203
8990185
658814
1190081
1427062
36874
110831
111188
426434
797128
1950713
2135293
2180229
2292494
2356979
4388569
5808962
6936916
7307970
7324511
7330465
8443163
8730892
8782569
8826560
8826607
8992547
200958
219976
478039
2515927
2585839
4500488
5810290
7311103
8619472
8815122
1372628
185335
199405
1374713
2113075
2114482
2295851
2540569
3180196
4396853
4500152
7311153
7314548
7335846
8443941
8789453
8792606
8815120
109224
145902
1205523
91704
112404
215896
222090
223097
268344
385885
504472
571121
621643
794284
794585
1147623
1173947
1174016
2812255
4225765
4502868
4534896
4906934
4907805
4910117
4953557
6934917
7026857
7106340
8895114
8919702
109349
110440
111372
112881
112924
766957
801500
856060
1189534
2718116
5309018
661493
1434122
3179360
7305298
7318166
8725017
504475
811228
820904
2540268
4414408
4495924
7305813
7307453
7917212
137748
149005
2625862
1289550
1319836
1811832
2035363
2115205
2217288
2298579
8595538
8595539
8595540
8663591
8663596
8663690
8664126
8664585
8665090
8665418
776957
5347004
5349810
5810651
7309782
8709036
1260127
1420107
1361176
2118485
2473126
7108812
8443826
8712468
8714652
763256
2260165
2655174
6239892
1154737
619286
2590151
2641077
7306919
7322811
7328841
7334436
8280793
2301965
268680
440440
515732
525290
551861
558027
8662893
8665433
220740
748641
1240877
1416959
2114919
2138005
2256277
2259880
2262501
4570769
5808239
6726317
109881
223270
797418
657247
2156852
2254039
2255553
2634703
7027853
7310383
1175611
856123
1436780
85610
149846
476899
771047
1038647
1489114
2118918
2190374
2256245
2475734
2530589
3190265
3303055
5811600
5811809
7319571
8713301
8717696
8866232
1160919
195450
3197609
7314194
7319736
7323778
7332053
8819232
112568
383718
1228127
1384069
1544353
2574191
2685239
3010728
4421468
4471306
4519778
8749605
8977849
187502
471375
2266610
4580575
7345719
85310
212527
2108129
2488603
3297277
9310568
220490
223433
426248
480788
483600
612578
673475
760151
768850
779023
794986
796351
866703
1127011
1137861
1310471
1363007
1488106
1687132
1696292
1727853
1792732
2077440
2117408
2197836
2203843
2317200
2421430
2450252
2682738
2708372
3535469
4335864
4423524
4531918
4597177
4601078
4618275
7069390
7327369
7509303
7891650
7895726
7896969
8344298
8439773
8439829
8439967
8440061
8443198
8443474
8443632
8443730
8443835
8445658
8782150
8790758
9009127
103012
2169210
2828910
4505785
4516417
109908
150286
401068
4523773
122256
810511
1172143
3038417
148428
806436
1201607
1447366
765192
1136348
1428052
2668800
5607902
7065773
7306021
7319899
7344718
8711913
8711925
2272017
1462689
2814659
4614038
8440230
8721527
698448
307919
526822
562146
571396
558938
585204
593165
266934
361022
483813
8663415
8665420
8665506
8666174
8666740
106636
315801
776473
784326
1981183
2262093
2291830
2326612
8919441
108484
112418
2620886
428368
464670
492745
554944
681363
1599785
2256435
2277001
2417992
2577631
2752607
4510599
5608104
8713687
8753952
8756205
9014163
9016768
1217988
6795859
8441176
771365
780678
6795859
785638
2281022
780678