7331908
9601047
10338795
10363311
7332819
9536169
9610025
9732791
10166886
9594606
9618893
9660089
9717017
436234
4450553
7325818
9553822
9611507
9611591
9676686
9734213
10192803
420694
7334436
9603483
9603504
9603750
9611941
9612104
9612163
10185155
10365867
429180
9595984
9620463
10243431
10333342
10415317
725046
9621004
9621532
430620
2396683
2650623
9597498
9621752
9925195
513272
9606306
9622223
9622395
529973
538389
7329667
8443637
9557725
9606916
9606979
10245452
10368854
10368856
8665422
9599044
9607110
9607311
9607433
563802
8666174
9599479
9599778
9607926
9600200
9600255
9600728
9608784
9608807
9674372
9928332
10174002
10329792
10599655
10599667
655291
8666932
9576414
9592813
