1540106
1957906
1990682
1540123
2007071
1925156
426024
1548331
1867829
2015285
8519746
8527941
1523787
2015324
8437867
450672
1540213
8527995
532607
73856
73857
8528018
2023573
1941655
1966237
1999007
1867937
1867940
8528045
9953461
8528059
1999039
1925317
2203847
1835227
1908973
1843441
1802489
4415738
1868032
2400512
1884424
1925385
8528146
9994528
4374818
1540387
1909033
1868076
8528173
8741183
1958221
1982812
9609567
8520034
1835363
9625955
8118637
1802616
2023804
9994625
1810837
4481440
1851820
1835438
10609073
721332
1540539
1827260
1548734
1524161
1835462
1548748
8528334
1974737
1524184
1843691
9839084
1802738
9994743
1974776
1556993
1548811
8528399
1991187
1843738
754205
1548835
8528431
1851967
9740867
1548877
1827405
1802842
1548896
8528507
475775
8528513
1811076
8528519
1876617
8528522
2196109
10289808
1524376
8528536
10289818
1811111
8520359
9994929
1942194
9994938
2015931
9765564
1909437
1827520
1835719
1532630
9994968
10273505
1868514
1835749
1999590
1532651
1827565
1876718
1942261
1884920
1983224
1852167
2196233
2188046
8520464
1884950
8528663
1524504
2024217
8528668
8528686
1893172
1950530
1532763
9765727
1901418
1950583
1926013
1835902
1819520
8512390
1532806
1934214
1934218
1942419
1819540
2007963
1999774
1909682
2007986
1852352
7087041
9995202
8520645
8528841
10216393
1541074
8528858
1967068
795614
8528863
8528866
1532909
1942514
1549300
8520696
1532924
8528904
1885193
1827850
1541131
2425869
1852435
2196503
9995295
2966560
9626663
771117
9995309
1827887
525361
2966588
1827901
1901631
8528959
9675840
1860675
2188360
1541193
9995336
1836113
2622549
451676
9995356
7079008
9995366
9995367
9995372
8520818
1967234
2008199
9995402
451726
1852558
9995411
1934484
1918104
2024604
9995425
1844387
1967281
1811637
2008246
2024632
1934521
1811642
9995453
1991872
1549521
1819864
1877208
9790689
8529126
1524968
1852659
2188534
1811703
1549561
8529149
1967360
1934593
1934598
8529169
754962
2000153
1525019
1828129
9995556
1836331
2024748
1901874
2196795
8594749
9995584
1541447
1541458
9995610
1811805
2008425
1934699
8521070
1901942
705913
1967482
8529279
1926528
9995656
1549712
6702484
8979865
1541535
1549737
1836462
1861042
1992130
705993
8529354
8521166
1959376
2016725
1885669
2196966
1943022
992752
1869296
8529393
1918453
1902081
1992194
1811972
3982853
1541647
1836564
1541656
1885730
1910307
1902118
7308838
5334569
9455145
8529453
8529458
8521272
2016828
2770499
9995849
1992269
9995853
1918543
1549905
4318824
1959541
1934968
1910426
1803936
4908705
2188962
1959588
1541798
9995946
1918637
1828526
9995950
1877685
1992380
1541825
8529605
1992392
1550034
1541863
8529645
1533678
9996014
1943287
1828608
1836815
1550119
9619253
1959738
1926974
9987907
1877836
9987924
1886046
1853282
8529765
8529770
1845100
1533810
1853302
8529789
2000768
1927041
2008965
558982
1550219
771989
1918882
1927075
1812390
1877933
2197427
4319159
1533884
1992642
9996232
5334987
1902554
1918943
8980458
1869804
2000880
2025465
2000892
1845250
1837063
1878032
1533981
1845285
1550374
1828903
2025511
1820723
2189369
4843585
2025551
436304
8464480
1828961
1992802
1960044
411769
8521852
8521853
1828990
2975875
1550474
2009226
9988236
1919123
8939670
1968287
1837216
2721952
10619042
1992872
420012
1853613
9996473
1943738
9996476
1845441
1837250
1878225
1886417
2001105
9996504
1255651
1550563
2009321
411882
9996536
2189568
8521994
788753
2017556
9996572
1927471
8702261
1845562
1902909
1853759
1993026
2025796
1960262
8440134
1935693
8522063
8522064
1812821
1943893
7080284
1878371
1952101
1870185
1550698
2025837
1902962
1911159
1542533
1853832
1534348
2009485
1526169
1894815
1903010
7293346
559528
412092
1526204
8522204
1993187
1919460
1534441
2148847
9996788
8440310
1821177
1845755
1919485
4246016
9996808
9996812
9988622
428564
8522260
1927706
1878561
8522279
1862190
9996847
1550896
2787890
9751094
477758
1960514
1878595
1952323
2009666
4237894
8997447
9521737
9521738
9521739
1878604
9521740
2026062
76367
9521741
9521743
9521744
9521745
9521746
9521747
2189912
1845866
2976363
1845880
5270138
2017920
1952402
2198175
9013921
9013922
8932005
1870512
9677506
2001605
813767
2017991
9513701
2730760
9988875
1526541
1936149
4246295
8522521
3033885
1960744
1526574
2001742
1993562
1846108
1526651
1911682
2976646
1837960
2026377
4483995
1895325
2976671
1543072
2010018
8522682
1993663
1993669
8522699
1543121
7097309
1862630
2010100
1526774
2026486
470008
2599928
1920004
1551365
1829897
1936425
8522796
1526831
1535024
1551410
1543221
1985594
2198590
1846335
1551424
1739843
1895491
8522824
1829985
1961059
1813609
1526892
1977453
9989229
1830001
1535105
2198671
1535121
9989278
8522926
1543346
1830068
1911991
1526976
1551557
1944773
1551560
2002124
1920205
8522970
748775
1551593
8940778
1936626
1805558
3009789
1535243
568590
1862926
1953046
1969434
1977628
2018598
1821999
2018607
1535282
8523066
1838396
1871176
1854800
1551700
8981856
19825
1863025
1846648
2018682
3009927
1551755
1985932
1822094
1535377
1527188
1830295
4877731
8523185
2010546
1879484
2018757
1551831
1895895
2764257
1543657
2199036
8523261
8523262
1871364
8523291
28191
8523296
2018850
1535524
7032359
2002482
1912380
2002498
1551939
1535559
2018897
1535570
1830508
1855099
1945213
1986175
1552010
1912460
2010764
1552019
1552024
1920665
1535653
8523436
2199239
2911947
1822413
8523472
1847000
1978075
1552092
1928929
1945323
1937132
691950
1830654
1912585
1994508
2002707
1969941
8523550
1879844
1830694
1912621
8523567
1871665
7900992
8523603
9989976
1535834
1822566
8441705
1552254
1830783
1527680
1552258
1830789
1912714
1814412
675727
2002851
9719716
2994092
2994100
528310
1871801
1552326
1896397
1871828
9719773
1839078
1871846
1847278
8523765
1896438
8523766
1945594
7311355
511996
1830914
8441858
1863685
1544200
1536013
1937436
1814560
1937453
1863734
1527863
1871937
733263
8523856
10203216
1544275
9990228
1831011
1822823
1855595
1929325
1929333
1912952
1937528
561276
1855613
1536128
2429057
1527940
8523911
1994888
1863826
528537
1904793
2003097
1913009
8523955
1036472
8343740
8523971
1822919
8442061
1896659
2003170
9990372
200934
2019558
200940
2011373
1978608
2412797
1544447
1962240
1552642
1544460
766222
1831183
1855758
1552657
1970452
1536277
9990423
10047769
1732899
2019622
1970474
78123
8999212
2003256
1823043
8524100
1970505
1831242
1995083
2027850
1814867
1970517
1552727
4239709
1864042
1831286
9990518
8524154
1814907
8786299
8524167
1315213
8524174
1962391
3010968
8524183
1552799
1905058
6779299
1962412
1978797
1544622
1823151
1552824
6779324
1454525
3961285
1872340
10293723
1913314
2011623
1921514
1864174
684528
8524276
1872373
2757116
1970688
1528323
2003461
1962505
1987091
3019286
1913371
2757148
1831454
2757150
1970723
8524328
1544773
1864265
1823307
1552974
1552977
1970774
1528407
2019929
1872475
2200155
1954406
1553005
1815153
1839730
8524408
8524411
1536643
1946243
8680070
2003596
8524432
1913493
8524449
1954469
1823406
1979061
1856184
1553085
2011845
1962698
1929935
1823440
9990868
1872599
1888984
9908957
1815262
1946336
1815269
8524523
1553134
2003709
1962757
8524556
1536789
2003734
7107355
1553180
1831709
2192158
9990939
1864488
1954601
1938223
9990969
8524607
2667330
4420419
1962820
1971017
10376009
1553235
9728858
1856358
2028397
1987458
1905550
1962894
1979278
1995670
1545112
1553317
1987495
1545137
1872817
1831859
734137
1545150
1962947
1930186
3019730
1536989
775134
21472
1954790
8524780
1938415
21488
8983538
1905651
1815546
1971199
1348634
2012191
8524832
2020386
2004019
1946680
1807428
1971268
10597456
1553494
2004056
1553498
1528925
1545311
1856609
1979491
1537128
2028675
1971332
1553555
1037464
1553563
70812
1553566
2020544
2012358
1897671
2020553
382157
2004180
1914075
513247
1914089
7034096
1889528
13561
1930493
1856769
1971458
8516870
1979659
1881357
8525073
1889590
1889594
767294
2020672
1840455
1545544
1832265
8525136
8525142
1537382
1873256
9475435
8525169
1914229
8516981
1938818
1971587
6706564
1529221
1963397
1824137
1537418
1865101
1979803
660894
1815973
1873319
1988008
1914294
1963448
9991623
2020813
1824215
1545698
2201060
1537512
1988072
1873394
8525298
2020853
1857017
792059
9942533
2020871
2020873
1857041
1996305
792090
1988126
529956
1848871
1537587
2020919
1988154
10343999
1529410
8525380
1914443
1979981
1881679
1971800
1947232
9991778
1537635
8525422
8525425
2020979
530036
8525427
9508467
1537655
1529466
202388
1930906
2889375
2889376
2889377
161457
6657720
1881789
8525511
1521356
2586316
8517326
8525521
1963733
1545942
1537751
8525528
2004702
1521376
8525549
2021121
8525573
1537798
2021141
8525599
8525603
8525616
2012978
1849145
1808188
1521469
1537853
2193222
1824613
1947496
1832814
2963310
1857409
1906561
6690693
8525710
8525719
8525721
1882019
8525732
1865641
8525745
1996723
1537980
2013117
1537983
554947
1537991
5281736
1882058
8525796
1849324
2193401
1865723
1538046
2971654
8525836
1538061
1906707
1931295
2340899
1816614
8525871
1972278
1906746
1939518
8525890
1644611
1849427
1947732
6707289
1923163
1546365
743551
1865858
784517
2013325
8337555
9992343
1538201
1530014
8525987
1988773
1849523
1939642
8526046
9992422
2971888
1964275
8526071
8337663
8116489
1857802
1866010
1538339
1972519
9804072
8337706
8517932
1833262
2423086
9566521
1907029
1972569
2103658
8526187
194930
8337781
1530243
1915267
694663
1882505
9468301
711058
1989012
1530264
768415
1522096
8116660
8526263
1522125
1833425
3185111
1538524
1907166
9992670
2669025
9992674
1972707
4454894
1907183
9992686
1849842
6646
2996742
8526342
1858057
1899019
1538572
1948190
1907239
1874472
1923623
2021932
8526381
8116791
1915448
2644536
9673274
8526407
8337992
1538635
1849932
1964623
8337999
10238546
1849947
1956452
1964645
1964649
744050
1538679
1538682
1538686
9992830
1538690
8116866
1972869
8927883
1546894
9992850
1538714
1538715
8526496
1817258
2005683
1825464
1989308
2013886
8116939
8338123
8526539
1538767
8526552
1833694
1850078
7658209
1972964
8526566
2579179
1882863
2194160
2611953
8526579
2022138
8116987
1915644
1981187
1809162
1538831
1948438
1538843
1940256
2972450
8526628
1399589
9992998
1948463
1538865
1530678
1538880
9993025
6708038
9993037
8526677
1809240
1964889
1547098
2005850
9993053
1915744
547688
1538920
1538929
8338289
1858424
9993086
8911744
1932161
4438915
1891206
1940361
1538958
8928142
1858448
1997713
818067
8526750
1842082
1907622
1932205
1891248
1809330
9993140
9993143
1964984
7863225
9993154
9993156
1833929
9993166
2005968
1883103
1932258
1948669
8518653
8518670
1850385
1899537
1866775
3357721
1874972
23582
1547297
1834017
2014241
1973284
9993254
2006056
8518697
1924139
1899568
1948721
1825844
1883191
8526911
8338515
1547353
1817689
1948762
2202725
1899624
1932393
8338543
8526962
8338553
2800768
1916035
1866890
1981581
8526990
4332691
1924248
8961179
1539231
1916084
8338614
2006205
1907904
1531075
1850563
8715473
1522917
1940710
8518885
8527083
2194670
8518905
1809663
8338693
1531148
1817877
1875227
8527138
10296624
1981751
1809734
1981769
2973007
8518993
752980
2530646
1998170
2186587
9608546
2006374
1908074
2194795
9002350
8519025
1981813
1817975
195972
8338827
8117644
1539475
8527251
1826199
8338847
1842592
9993633
1883556
40374
1981881
1867206
9993671
9993674
1834449
8527315
1531351
2014681
1965533
8527328
8117729
2457063
490984
1867242
2006514
1523200
8527385
1809947
1965606
8117799
1850923
4570667
5324343
1539640
8117823
1547840
1883722
10616415
409199
1539698
679541
1818232
1023610
8519290
8527483
1826429
1826446
8339091
1867416
1547941
1539750
8527528
564907
1523384
8527547
1834696
8339180
1810157
1990386
1924856
1818402
1842981
8527655
8527657
1867576
1982270
1933119
720706
1539912
1883985
565086
9625438
1843041
1875811
1834854
1933158
9994087
1539954
1957762
8519559
4415368
1908619
10174347
597903
1916815
1949584
696211
1957782
1949594
1884059
1851308
1884078
1548210
1826738
1916859
1843141
8527817
1548236
1990607
1859537
5447634
1867735
1531869
1966057
1548269
1998833
2015219
9666554
