1999873
2200587
2025999
1891856
1936914
2000915
1934358
1944087
1986075
1802780
2020381
1867804
8528415
1538080
8522275
1538088
2009129
1889833
1816111
9996341
1823287
1901111
1811515
1855552
1964610
1906756
1822793
1857610
1940046
1999446
2187352
1881689
8520285
8526430
1994336
2014310
8524903
9992808
1822826
8521329
8525937
1525874
8526964
9992822
1887361
1542276
1882759
1944207
1552535
9989274
1805468
1820829
1936031
2188448
8519841
1542305
1872548
1551525
1532069
4415654
1878695
1538214
1839279
1922739
1862835
8527029
1805494
1524916
1550519
8522939
1861820
1856189
8523965
8516796
1981636
1825991
9994955
9990869
1966811
8523996
1955556
1877733
1936102
8526565
9491686
1841900
1857260
8523515
1541376
2009345
9993985
8528129
1535245
1954066
9995029
9993500
9994012
1831710
9992990
1538334
9995036
2018594
1879836
1844513
8528669
1527077
1820455
1825579
1930032
9988914
1908535
2005307
1959231
1552193
1993026
2009411
1876290
1813834
1541451
9993556
2008918
1841495
2004311
1899353
1535834
2194781
1930593
1830244
8523626
1986932
1887093
1553270
8527223
2026364
1826179
2200451
1898372
8523140
9990535
1535365
9990539
1975183
1813903
1956752
1980303
9989009
8519573
2200473
1962395
1541021
8517023
2021281
2017697
1544614
2202030
1959867
2001351
1868238
1820628
2022359
8525273
10322394
1846753
1542115
8525795
1844710
1886183
8518633
9994730
1834474
2006508
1966060
4454892
1976820
1898997
1535989
1822708
2191865
1873405
9994750
