1094664
1101602
1106360
1713712
1720018
1757200
1759763
1772937
1779258
1843574
1860076
1918615
7282776
7587543
7626344
7629352
7785879
1676840
1807231
2118928
2183335
3523231
7993548
2186610
2228571
1274918
5008354
5051880
5059841
4921356
4922504
4922665
5337281
6643280
6722801
7144465
7184286
7196508
7372162
7983119
8163999
8220564
8221311
8223054
8224402
8225231
8301630
8824004
4062410
5338832
6670129
7231274
7447922
8022639
8035242
8223105
8225815
8226292
8226849
8227989
1099721
1135719
1579728
1581829
1606759
1620300
1629979
1635472
1663679
1734636
1820364
5002084
5007519
5010614
5011212
5015317
5047889
5050599
5052996
1094340
1686397
1702444
1716404
1723404
1730214
1731950
1741675
1772963
1815299
1820654
1839522
1845018
1876401
7614909
2542727
7284351
1094336
1100354
1105596
1105722
1154255
1553742
1628027
1669719
1695083
1715181
1774411
1899975
2545110
5049010
5054794
5059957
5061070
7284349
7577540
7616610
7833668
104200
109611
219732
867045
1104129
1124282
1149542
1443375
1557579
1601800
1608642
1614648
1719232
1859442
1873714
1897480
1899501
1920230
1921829
3476986
4992208
5051794
7283715
7284034
9011945
109532
110170
111159
111824
111860
220342
807369
2544367
2545265
1574656
1614287
1758919
1935265
2534331
4993281
4998825
5050126
7824005
7836391
2551561
1096707
1099267
1099917
1103357
1108090
1108406
1110216
1132534
1564304
1586859
1657888
1689436
1703549
1725476
1754798
1772875
1785127
1792128
1799434
1800799
1803833
1850113
1854319
1919063
1936344
2497896
4994219
4998993
5003690
5045706
5058216
7282193
7283398
7284037
7284665
7284931
7638035
7776541
7811052
3622844
5678115
5909729
5929646
6031383
6289404
1595878
1749602
1105550
1108486
1558988
1645659
1654664
1714937
1736800
1855187
1860122
1860308
1864128
2545579
2758949
5007199
5007495
5008818
5043573
7619182
1748985
1824909
5014937
5022564
5032286
112115
1151894
1611546
1632017
2822394
4987962
4989628
4998795
5007383
4987189
5008361
5013619
5013771
7699127
107913
165534
760871
1493880
1906726
107252
1438803
88802
99404
1482490
1549672
1566128
3571829
3643227
3903714
4043112
4195437
4219790
5337528
5701996
5702019
6625663
6628916
6668274
6723843
6769202
6786889
6933361
6934436
6939468
6942045
6948303
7143633
7152340
7181243
7230147
7938931
7946175
7946316
7947790
8060142
8060380
8213405
8297646
8799693
8802579
8816348
8819780
8825617
8836498
8838962
8847527
8848250
9312084
1518098
1540666
1547908
1930254
1933142
1955317
1964132
2101687
2295800
2308713
2385999
2389689
2062545
2308615
1101033
1124306
1603404
1692536
1737867
1748756
1802790
1843865
1886342
1903036
7633905
7796441
1095308
1099049
1105539
1107926
1133425
1146378
1523612
1597605
1608151
1626736
1653886
1658985
1670719
1689507
1695525
1702531
1708893
1711991
1712698
1719565
1734647
1752372
1768564
1786729
1788664
1838121
1846575
1881512
1912675
7656436
108566
109066
372982
501197
1539066
1683073
1956708
8716416
8926695
109925
594773
1125025
1174577
1321887
1387460
1389372
1463733
1500340
1518513
1669382
1696546
1700971
1720144
1749910
1786203
1832644
1917178
1930904
1962630
2061531
2079084
2126504
2134493
2174076
2185063
2208698
2226035
2379505
2403986
2434142
2463117
2612625
3537735
4131193
4132639
4132826
4133282
5682521
5683266
5687646
5977620
5983273
6003585
6865759
8334063
8334738
1145311
1257606
1356120
1357451
1440721
1463623
1664228
1738959
1753575
1778846
1801425
1921024
1948220
2080426
2130993
2183958
2190432
2270048
2315363
2323414
2367900
2404078
2404255
2407714
1269227
1516046
1605758
409413
673944
795784
1448957
2426263
2679945
2810840
5143437
5144935
8441402
8713481
118443
475840
790669
2294787
3208153
1602593
1654870
1806371
4998723
4999488
7691360
5596586
6756066
6756922
8671702
3606743
3639995
3646175
5464705
5637681
6285857
6289956
6298545
6317206
7629488
2054479
5142881
111262
2330498
2001679
106865
110959
111172
1302718
1655998
1852874
1854010
1894469
1966176
2055749
2121827
2138970
5934790
8090040
2002255
1384809
1619071
1669651
1708803
1976104
1131673
1647263
1722829
1732908
1798110
1798843
1822853
1843132
1943816
1949521
1955897
7502601
7510961
7517842
7581698
7606894
7622329
7627555
110244
1092776
1136688
1148942
1599169
1688560
1706930
1706947
1707167
1778715
1792342
1797348
1879262
7778170
7782661
7784443
1110876
1132521
1614438
1740668
1776456
1924997
2813277
5013363
5051800
1117174
1164182
1167237
1167309
1230595
1234751
1242147
1278042
1294339
1370201
1426172
1447038
1453645
2612753
2620077
3288802
3297545
3301411
3303669
3303912
3304338
3427967
3430023
3603213
3630655
4104207
5430983
5472935
5483931
5605060
5605062
6279496
6283897
6286073
6286311
6286573
6288185
6288488
6289136
6290010
6290104
6290139
6290321
6290512
6553711
6553828
6559047
6791060
7397969
7963984
8302189
8534266
3595886
3597266
3622315
3631155
3642499
3648811
5371170
5373099
5393040
5398837
5414778
5582187
5812376
6284825
6288522
8810657
3609804
3617411
3618473
3647421
5360753
5376289
6298747
3325859
3602216
3606992
3613996
3614528
3623574
3937551
5381113
5409563
5453670
6285550
6286026
6286037
6287376
6289015
6289858
6290620
6290756
6290784
6292747
6294325
1147027
1094363
1097507
1115814
1124838
1125006
1615571
1660171
1898438
1932037
1943901
1956159
7627554
1107793
1129140
1150312
1836702
7635458
7642990
1101870
1105598
1130759
1131307
1132002
1715589
1732752
1750209
1760262
1792365
1873909
1103062
1105259
1130134
1587845
1767104
1808850
1914650
2487054
2495668
4991632
4998729
5011222
1127354
1598017
1656231
1675213
1782255
1945563
4997036
4999516
5005757
5007480
5021830
7587700
1092792
1707026
1860489
1871969
1578397
378896
450379
474635
514595
600365
654640
706960
1122776
1172660
1204600
1205560
1282688
1303404
1347370
1390051
1453271
2461279
2604322
5331879
8944701
108898
109304
111611
451731
506706
536005
668574
701846
703163
751791
1138456
1155910
1159015
1169333
1198927
1229937
1363261
1364469
1376303
1388290
2604298
1088845
1597934
1759753
1882591
1093833
1117128
1148908
1563598
1567734
1621189
1759708
1779037
1782589
1801776
1823604
1890452
1929934
2546564
5044449
5046933
7283078
1559954
3616053
5497678
5511317
6287678
1088640
1744025
1100512
1151679
1154120
1648375
1829651
1842503
1908070
5005852
5026503
5037976
5061068
7285458
7286389
7696518
7696529
7744779
1090812
1101642
1126817
1626576
1659621
1679366
1694719
1696899
1726103
1826618
1831818
1848444
1881681
1924469
1933139
1951389
5005239
5010340
5012975
5015347
5046951
5051617
7825422
1825216
7949477
7953248
8058686
3569271
7936535
7938371
7940498
7946289
7951256
7955151
7955481
7956157
7957909
7958450
7958749
8812596
8812914
1270745
1278234
1351131
1417408
3405049
3406605
3407560
5701452
5701511
5701548
5705286
5737978
5738161
5738634
5739449
1322017
1354491
1368933
1090806
1091196
1102103
1601955
1665049
1689902
1696844
1700906
1783868
1846586
1885381
1920382
4981771
4982761
7762904
1230876
1271571
1286022
1299124
1659692
1674133
1675950
1764022
1764057
1800815
1810994
1958043
2021933
2033972
2055672
2055732
2193951
2398723
7982190
7997223
7999633
1800207
1842722
1857103
2173787
1282144
1101129
1104586
1718693
1739177
1743894
1772772
1782067
1789541
1829761
1835009
1842660
1855835
1856388
7797939
111263
1201458
1455887
1516979
1532361
1636735
1664632
1861836
1955209
1993246
2160664
2290947
5687958
7894150
104716
110763
2028985
1205245
1226981
1325858
1516571
1643142
1929805
1938293
2316698
1294313
2243684
1858451
5047398
5061564
1094075
1102098
1107136
1688811
1689090
1694296
1702933
1812040
1860605
1940225
4994041
5056301
7281572
7758687
1589402
2545411
1094693
1110015
1114528
1116016
1639861
1706992
1757205
1823647
1848575
4992050
4992758
5005565
5012407
1089942
1096578
1096912
1101169
1104000
1109068
1634228
1676610
1714817
1715648
1750261
1770977
1797600
1850896
1907777
3160833
5000831
5010335
5010624
5012844
3618726
3625289
5477322
5522226
6277900
6285578
6286815
3599184
3619772
3630494
5470616
6278277
6278876
6284117
3614511
3623253
5459669
6287398
6287585
1494054
2134680
1109575
1136134
1148701
1595414
1630165
1652306
1653856
1722877
1834235
1895348
5006663
5057715
7284036
1735874
1099120
1688820
1693475
1769514
1822462
1841892
7654902
7748524
5117563
7442545
8034041
9308069
1556495
1864931
2547806
4989000
5009728
5014989
764988
1475118
1477224
1901532
1985546
2708587
3182294
4246261
4332961
5131071
109302
145922
1674989
1766681
1800942
1866936
1939936
5008353
5014226
6652801
3200115
532093
540919
554938
5129592
1106226
1113450
1692083
1695149
1695597
1725763
1729362
1776370
1796668
1840236
1913530
1948510
7609412
1092897
1706999
1945354
1512304
1532992
2347993
2399445
105820
106515
111259
131161
4921983
4922342
5610024
6375117
6379941
6541615
6639376
6773135
8862385
1638167
1693880
1747519
1766991
1793770
1807915
1826659
1874104
1933077
1960200
2534663
7826890
1817228
4994764
3601142
3603198
3607176
3608143
3618819
3626561
3646796
5364300
5419998
6283268
6286230
6286267
6288397
3643853
5429366
5567842
6287261
6288551
6288558
6288852
7614942
1110677
1614344
1617031
1646514
1680466
1729616
1826639
1828048
1850425
1914487
1538699
2131325
2384518
2385113
2386289
2401296
3579599
5960312
6329333
101517
103844
227272
453226
1135302
1737891
1797922
1859319
1869113
2460725
1246631
1579768
1605517
1645899
1650555
1726221
1733439
1760288
1898541
1898912
1924587
2002242
2173664
2350454
3528762
3528913
3532114
7993371
2041656
2059987
1311071
1641520
2144794
2163635
1582039
1675997
1724495
1760738
2039564
2163945
2181262
2224026
2233552
1279537
1090805
1096085
1620920
1647308
1665515
1674999
1696624
1711399
1720819
1729185
1817036
1821827
1843455
1925624
1940508
1950929
7584205
7822686
1102171
1651284
1656443
1691663
1715175
1727137
1850325
1860345
112903
1564271
1642726
1778593
2546761
3598251
3611158
3614845
3619844
3623177
6286694
6288650
6289401
6289451
6290153
5381133
1095501
1661561
1765691
1765871
1772049
1808532
1701484
1757803
5003671
5012574
5024258
7780525
1088166
1099066
1107812
1115175
1126660
1132095
1136388
1138221
1138318
1657035
1694978
1702988
1719803
1724671
1733853
1754819
1829352
1838526
1843811
1856211
1932325
7693197
7758393
7759621
9286407
110138
1093183
1127222
1723389
1753174
1755381
1769330
1771634
1827355
1831460
1882447
104504
1235768
1307057
1343357
1388264
2606277
6932539
1318244
1265071
1297341
1127238
1138250
1627623
1712558
1742526
1929646
3400254
6336661
7796498
7805255
103417
105573
109009
445634
1115836
1816893
1938616
2307090
111429
202815
471009
590235
760837
772807
779006
2069255
2185677
2202317
2378566
2443531
2679904
2774436
2819736
4237672
8091405
1116713
1128327
1136518
1139105
1557120
1634288
1657293
1756474
1771105
1797621
1797816
1817215
2495654
5052732
6791339
7283399
7745063
7825412
7848789
7849786
1578780
437518
2002295
2308579
2368225
7108462
1530609
1962584
3302846
5336846
5336963
5337689
5601200
6638193
7977825
8221249
3595612
1149176
1629277
1632583
1635301
1665257
1698287
1730597
1736610
1759481
1784299
1809767
1825768
1840338
1845790
1851450
1113874
1656723
1657991
1724209
1775595
1254170
2049864
2142757
3525213
3530485
2192445
1228611
1352021
1644962
1921773
1933571
1938211
1988866
2041906
2228336
1242980
1967970
1678873
4987236
4993814
7482410
1574683
3633142
5573902
6285320
6286777
6289776
6291830
6293163
3627375
3629352
3636736
5637344
3631154
5638152
6288082
6288608
6289257
6290006
6290339
6290400
6293566
6294523
6299790
1094453
1130459
1616198
1632529
1798553
1800474
1900554
1110039
1579236
1755600
1774354
1920143
2548957
4994909
4995551
5007478
5015784
5016214
5055751
5062917
7517836
7769252
7837603
7847620
1148254
1791164
1851230
4987799
4991809
5050409
7681891
7688371
7797584
4313634
1597647
1648590
1738418
1761130
1783554
1802509
1885228
7820992
1701618
1773196
7562421
7615604
7616342
7616534
1603726
1617897
1837503
1870195
1166165
3538326
5802655
1658755
1683379
1687071
1708453
1728224
1802820
1947196
4982725
7559153
7565893
7593541
7625290
109309
1088765
1753437
1793921
1908060
4987874
4988053
1576586
1770287
1784495
1810391
1825336
1827457
1827968
1841205
2111289
2129633
2437185
3945503
4014764
4987897
4990728
4991819
5009558
5011226
5044951
5061619
7742971
7803869
7843424
7849006
2490263
103944
1112421
1882682
2546506
93338
6800376
8776635
8782675
3598393
3618809
3634661
5417541
5651190
6286077
6290439
5552189
5676981
5686239
5687070
5689163
5689933
5907236
5932372
6002563
6085500
6292868
6293032
6299955
6300174
7286655
1763056
1925516
7666712
7787973
7794025
7794533
7827141
1103550
1110783
1114636
1116739
1597408
1605680
1614314
1643132
1667098
1694516
1694985
1696406
1723377
1723579
1726630
1730149
1734712
1749671
1780372
1783717
1784556
1797547
1809590
1818606
1819022
1823128
1856169
1884094
1891846
1895828
1898880
2543041
2546240
2547074
4988985
5001055
5001106
5010339
5012404
5014223
5015778
5032369
5048666
5050122
5052991
5059996
6652717
6653448
7617652
7676744
7682233
7689095
7797210
7832265
1645006
4388623
1722509
112577
118352
197136
201272
202008
419603
450747
468097
495013
701740
1464353
1512530
1517615
1518554
1540576
1932816
1939351
1962622
1997797
2000220
2058553
2059692
2076741
2156876
2158777
2159017
2160519
2166860
2196568
2260390
2287108
2307418
2328730
2329628
2334153
5129383
5129526
5141606
5141813
9189388
107831
111204
112454
118405
703191
706974
787179
795066
1479520
3648542
6290592
6550389
3601737
3612791
3631695
5415547
6284869
6289071
6289303
6289527
6290120
6292733
6307509
3600995
3602838
3621209
3621404
3645088
5402590
5541936
6290854
6293678
6313108
3628474
3636264
5429216
6284634
6285477
6290597
2578334
3596492
3608458
3610343
3629041
3640570
5358855
5360309
5368244
5386477
5403447
5414705
6279528
6283400
6283754
6284073
6285990
6286655
6287141
6290089
6290804
6291314
6291625
6292191
6293269
6297280
6300602
6304845
6307681
6319465
6320263
6320347
6320712
6322036
6322569
6322693
6323693
6324835
110901
1093124
1716541
1905940
3473959
3477910
4963697
7532615
6284547
1692921
5513486
1732881
7780245
1883034
7805214
1604258
1780771
1727397
7372456
1850803
1832630
1837372
5012412
1824702
1750084
1585737
1709644
1656654
3616206
1842638
1879506
1628757
1930840
2495708
1728608
1104227
1118565
6047858
1854450
1867639
5517560
7695225
6026234
1772539